0 -0.304 0.2003
-0.03299996 -0.17500012 0.20036551
-0.03299996 -0.13000014 0.20040135
-0.03299996 -0.09500015 0.20042922
-0.01099999 -0.17100015 0.20040374
-0.01099999 -0.12600017 0.20043957
-0.01099999 -0.09100018 0.20046744
0.03399996 -0.18200021 0.20046665
0.03399996 -0.13700022 0.20050248
0.03399996 -0.10200023 0.20053035
0.01099999 -0.17500018 0.20043559
0.01099999 -0.13000019 0.20047143
0.01099999 -0.09500021 0.2004993
-0.03398562 -0.24099294 0.19131138
-0.06084491 -0.21411212 0.19129001
-0.0905315 -0.18440176 0.19126639